'SMD': [(0.99995, 1.04), (0.9999, 1.06)],
'SMD': 0.001, 
'SMD': (98, 2000),
plotting done
{'FN': 5,
 'FP': 4,
 'Hit@100%': 0.47441916822609154,
 'Hit@150%': 0.6136576677915261,
 'NDCG@100%': 0.5133847636021496,
 'NDCG@150%': 0.5973039841360793,
 'ROC/AUC': 0.9989851338317718,
 'TN': 25808,
 'TP': 2662,
 'accuracy': 0.9996839773167302,
 'f1': 0.9983073908059701,
 'precision': 0.9984996211609166,
 'recall': 0.9981252306032049,
 'threshold': 0.02331783695525326}
scores done
end: 2025-01-11 20:21:48
time: 0:01:02


'SMD': [(0.99995, 1.04), (0.9999, 1.06)],
'SMD': 0.000006, 
'SMD': (98, 2000),
plotting done
{'FN': 416,
 'FP': 16,
 'Hit@100%': 0.3269556743195119,
 'Hit@150%': 0.43963254593175854,
 'NDCG@100%': 0.34989397803964223,
 'NDCG@150%': 0.4179701233015111,
 'ROC/AUC': 0.9216998154170757,
 'TN': 25796,
 'TP': 2251,
 'accuracy': 0.9848309277064395,
 'f1': 0.912439293478877,
 'precision': 0.9929422100002548,
 'recall': 0.8440194943981271,
 'threshold': 0.056466330759677684}
scores done
end: 2025-01-11 21:25:17
time: 0:01:02