'hydrogen': [(0.97, 1.02), (0.99, 1.05)],
'hydrogen': 0.0001, 
'hydrogen': (80, 5),
{'FN': 10,
 'FP': 17,
 'Hit@100%': 1.0,
 'Hit@150%': 1.0,
 'NDCG@100%': 1.0000000000000002,
 'NDCG@150%': 1.0000000000000002,
 'ROC/AUC': 0.9181379341170162,
 'TN': 1704,
 'TP': 55,
 'accuracy': 0.9848824132985308,
 'f1': 0.8029146038990674,
 'precision': 0.7638887827932246,
 'recall': 0.8461537159763514,
 'threshold': 0.06670091597442884}