'hydrogen': [(0.50, 1.1), (0.99, 1.05)],
'hydrogen': 0.0001, 
'hydrogen': (80, 20),
plotting done
{'FN': 10,
 'FP': 115,
 'Hit@100%': 1.0,
 'Hit@150%': 1.0,
 'NDCG@100%': 1.0000000000000002,
 'NDCG@150%': 1.0000000000000002,
 'ROC/AUC': 0.8896661154069638,
 'TN': 1606,
 'TP': 55,
 'accuracy': 0.9300111930010572,
 'f1': 0.46808106476922023,
 'precision': 0.3235293927335651,
 'recall': 0.8461537159763514,
 'threshold': 0.08917377720373518}
scores done

