'WADI1': [(0.90, 1), (0.999, 1)],
'WADI1': 0.0001, 
'WADI1': (99, 1200),
{'FN': 218,
 'FP': 1838,
 'Hit@100%': nan,
 'Hit@150%': nan,
 'NDCG@100%': nan,
 'NDCG@150%': nan,
 'ROC/AUC': 0.8342327849482243,
 'TN': 14445,
 'TP': 779,
 'f1': 0.4310972751498789,
 'precision': 0.2976690856030986,
 'recall': 0.7813440242593378,
 'threshold': 0.12020038099846228}
scores done
end: 2024-12-26 16:49:33
time: 0:05:52